"V1" "V2" "V3" "V4"
"1" 0.00893362517420103 -0.00176816574351441 0.0109234153729944 0.0151100722771269
"2" -0.00963668747909887 -0.000203640605579396 -0.0159399860941075 -0.0101949475355449
"3" -0.0118361973204285 -0.00413427131045062 -0.00808424450291446 -0.0157447946533237
"4" 0.00689702372756871 -0.0045648811752331 0.00306771700094746 0.00319995687542049
"5" -0.00785547512013752 -0.00246104192080499 -0.01140121681178 -0.023364859259687
"6" 0.00421754965398317 0.0202501935970427 0.0112296646262307 0.013351552337317
"7" -2.32715137046561e-05 0.00905890591575711 0.00961893868378918 0.00291068479088706
"8" -0.0136067857001009 -0.0123806929159763 -0.025265990180633 -0.0147319034791519
"9" 0.00400092220780435 -0.00204075724071917 -0.00289888758118112 -0.0150377227660798
"10" -0.00378879401573008 0.0032209205291516 0.00801245044454419 -0.00826342691529272
"11" 0.00666117250165239 0.00846500739708394 0.00489020436273355 0.00290218301887073
"12" 0.00649493847968143 0.0200194733776464 0.0111461946482223 0.00261245458264061
"13" 0.0197577435487264 0.0123270870875606 0.0240330055443589 -0.00113262102635727
"14" -0.00978696290141335 -0.00681932635715877 -0.00520153650172697 -0.0125969767342939
"15" 0.0093447840385778 0.00469634025661419 0.00369683020566683 0.00967779535719727
"16" 0.0156273748365969 0.00544121625078613 0.00122669662536689 -0.0073871299460076
"17" 0.0108870461193023 0.0160347666203204 0.0098319359599188 0.0254551255255057
"18" 0.018423063096961 0.0136006989413533 0.0148851050650969 0.018781959839885
"19" -0.00755846878879827 -0.012924586733938 0.00204497791221717 0.00189755947501597
"20" -0.00511297382228878 -0.0012713486359767 -0.000400313164488072 -0.00652689040003329
"21" 0.0124381543560125 -0.00544635747231782 -0.00339150858713679 -0.00110714870720935
"22" -0.00518589222028008 0.00383802906073776 0.00875223002645538 -0.00563940998797817
"23" 0.002457622233824 -0.00792857200743506 -0.00857540758679742 0.00623067317238527
"24" -0.0033598688678013 -0.000607099952057301 0.010896752703569 0.0010124831390542
"25" 0.0294158709202527 0.0172745024646288 0.0125532468742166 0.0266865546753513
"26" -0.0011664239468689 0.0084656815077109 0.00768471988786147 -0.0115743226511027
"27" 0.00868166671938651 0.0206712037541224 0.00982144601157166 0.00720286050561356
"28" -0.00746020645630783 0.00728880164413135 0.00465028707899126 0.00497390398637521
"29" 0.0166335958759359 0.00291538958646599 0.0104325581689196 -0.00758293387275806
"30" -0.00170276970138022 -0.00824980487818812 0.00310048554594154 -0.000701445038770842
"31" -0.0241660333443781 -0.00600007759800105 -0.0163366169176655 -0.0140059796225072
"32" 0.0116594949226755 0.00854247278770924 0.00157100334372159 0.00518584207499085
"33" -0.0071455645036097 -0.00209655437510234 -0.0077514484195677 -0.00816704540893689
"34" -0.0209921762662905 -0.0267815893597947 -0.0143192947288287 -0.0182703322453863
"35" -0.0210286657000927 -0.0204019340489335 -0.0211435143338374 -0.0239281221193235
"36" 0.00624592697334614 0.000440361019392546 0.00825742409231712 -6.32911224158676e-05
"37" -0.0091308036832135 0.00432083196595667 0.00464482946547821 -0.00239877254422846
"38" -0.000267191757428662 0.00949222055672542 0.0129912221023071 0.00804052981452293
"39" -0.0112540600230395 0.000311880477622122 -0.0113447977097321 -0.0235440820287539
"40" -0.0267458982832913 -0.0393409131977361 -0.032458839724553 -0.0197020221572615
"41" 0.00263700147783679 0.0133407126884557 0.0171346158924434 0.0150377783211545
"42" 0.0102707955718758 -0.0101931501044109 -0.00587124951126239 -0.000571672706161507
"43" -0.00762523124471525 0.00351676968194048 0.00148911810535267 -0.000260112302691607
"44" 0.00120868148540946 -0.0188723441868671 0.00594992236541937 -0.0235837996399928
"45" 0.00846989023695 -0.0141225707095466 -0.000363019606920846 -0.00780041371387726
"46" -0.027405974971535 -0.00434190388906106 -0.00099544646704517 -0.0127521795489361
"47" 0.0265466860576681 0.0159821463057113 0.0204543750125684 0.017802330823265
"48" 0.00606495708550996 -0.000144509841197009 -0.000670951324994669 -0.011021090803801
"49" -0.000500466218950052 0.0056390608211848 0.00491759742611337 -0.00215989319344351
"50" 0.00735093686299961 0.00520880337681316 -0.00452276646652272 0.00254824587369272
"51" 0.00378409021767249 -0.00342699887960963 0.0022079385264633 -0.000488342182089444
"52" -0.00359263037744818 -0.00753000720545451 -0.0133173838762796 -0.00982164621148236
"53" 0.0112462458306718 0.00658039771704171 0.00344997402673803 0.00303405494823193
"54" -0.00139561626915423 -0.000556770001277782 0.00348833876350023 -0.00173088611843252
"55" -0.00205348063399447 -0.00853748630671348 0.00389845320397006 -0.00172752321216066
"56" -0.0140025515154378 -0.0114594832023075 -0.00575037549861243 0.00189818624298192
"57" -0.0160720402730425 0.00132571092277537 -0.00111533420089759 -0.00485474822098942
"58" -0.00248335530868651 0.00759137873975363 0.00712604735935384 0.0043248339802664
"59" -0.0167907883732634 -0.00983933947295185 0.00160461793383158 -0.0051826226656537
"60" -0.026089172051376 -0.0123900168575395 -0.0182187243786867 -0.014941161728781
"61" -0.013681688837523 -0.00615537313997426 -0.0067035551006996 -0.00123652620058374
"62" 0.00434765584504355 -0.00424731091827027 -5.25483980055479e-05 0.0172924432498446
"63" -0.0177980250496376 -0.00997000896595369 -0.00511346781201365 -0.00508314166833451
"64" 0.0102635148049413 0.00403785368126288 0.00297029730916519 0.0028732447954746
"65" -0.00767782221262059 -0.00540747988351513 -0.000327233056299906 -0.00415966026786991
"66" -0.0237034081475601 0.00655094466162422 -0.00932828494356709 0.00134926422598256
"67" 0.00388779344404206 -0.00679126096267004 -0.00288804486646409 0.00194306587009653
"68" -0.027933939385743 -0.00769532664780964 -0.011052752419255 -0.0119051436894773
"69" 0.00287703565209498 -0.00912501721118866 -0.0158463233256519 -0.00583380762889473
"70" 0.0174689465085881 0.00495706526152618 0.00733496209930126 0.00822075427161671
"71" -0.00579881867802241 -0.00549706379185926 -0.00310229137051378 -0.0117001831961865
"72" -0.0137721691514252 0.0065948311089821 -0.00338482801926883 0.0101363941168028
"73" -0.00822819556341174 0.00370389754241814 -0.00824922312925276 0.00279169087500717
"74" -0.00373445897776578 0.000126186165621837 -0.00880745675751971 -0.003531288888101
"75" 0.0035672407871111 0.00674088135509488 -0.0123755564410732 0.00131789087973999
"76" 0.0102327088845292 0.00726018178309676 0.00758011718036264 0.0030574903614037
"77" 0.00413995180428822 -0.0090404972363828 0.00323365412385273 0.00455022296316271
"78" 0.00420542334134541 -0.0138050859601563 0.00120667821430104 0.00617893357657426
"79" -0.0129634763959858 -0.0132743670279596 -0.0152703930620057 0.00126010916792529
"80" -0.000881280815629934 -0.000605258652165658 -0.00502387452765492 -0.0154175606361674
"81" -0.00816199475951209 0.00308115754508344 -0.00092380189689742 -0.0161534058697699
"82" 0.0191160224580837 0.00378008913498175 0.0166904960504675 -0.00286676005042426
"83" 0.0011160434991676 0.000599741912683391 -0.0127493639249379 -0.00413331993244451
"84" -0.0104690512528421 0.00576882721354257 0.0033275477758307 -0.00894170498651846
"85" -0.0011828527725554 -0.0140893614919165 -0.0138288715591524 0.00288865857072454
"86" -0.00749119414879785 0.00650686798487668 0.000549155985411132 -0.00115567875807986
"87" 0.0031412779816226 -0.0116874856791777 -0.00138985580691271 0.00423264507157466
"88" -0.0224345417443844 -0.0150607989343807 -0.0138665739847144 -0.00810343217164566
"89" 0.0118497438046097 0.0130535139724923 0.00853149375513818 0.0116896310735595
"90" -0.0183529612763584 -0.0257139658231334 -0.00894586362797864 -0.0274893720265956
"91" 0.0164791480657769 -0.00285619828073399 0.00129684540409067 -0.00116439181300414
"92" 0.00704536503691795 0.00565884119823705 -0.00201161148542774 0.00477518603772813
"93" -0.00729084235629348 -0.00664138584940281 -0.00420201650597051 -0.000104117204813541
"94" -0.0157361422646731 -0.00682318094804195 -0.00454137403237575 0.00851620892801401
"95" 0.00994275634041229 0.00812496784088014 0.00860260064756302 0.00561152591623868
"96" 0.0110294834855876 -0.0135492588000578 -0.00302179538253409 -0.000255660145600729
"97" 0.00141506814088109 0.00840841615854125 0.00185574130062644 -0.00166106323419618
"98" -0.00477515344251393 -0.00662088554287187 -0.00265216750198686 0.00244934046447088
"99" 0.00521019934932995 0.00600345369228939 0.00639059464699133 0.00660214551521772
"100" -0.00134958803644349 -0.00461927219559271 -0.0062325072490291 -0.000146983778155331
"101" -0.00329393136375999 -0.00384465000880248 0.000464077634615874 -0.00315018208945481
"102" -0.00306236273895197 0.00196954969158709 -0.0042183398400371 -0.00909705608134899
"103" -0.0127945986279802 -0.0248425636189051 -0.0126650332883763 -0.021248130315771
"104" 0.0013290463558558 -0.0159695597184429 -0.0048585869219763 -0.0251416870861964
"105" 0.000177396720371443 -0.0130628277765765 -0.0042936383659307 -0.000186069383422686
"106" -0.000281214860124386 -0.00537935907577766 -0.00589675456819628 -0.0110143210788068
"107" 0.00399723914754719 -0.00940676787882885 -0.00173357635777052 -0.00319683507153081
"108" 0.00519947114797911 0.0100846734629881 0.00910032869848514 0.0123383821186348
"109" 0.0050208223157779 0.00946396682126702 0.00470319995300587 0.0140993091664487
"110" -0.00264537032549211 0.000805542630908968 -0.00275314530435803 -0.00212949502535491
"111" 0.00109111800807087 -0.000524775858072806 -0.00471580663596407 0.00717042215935072
"112" 0.00949142935142733 0.0078660750201134 0.00925551423196665 0.0113880432845085
"113" -0.00623411415398765 -0.00723612376789887 -0.00633171751199645 -0.0109813887951021
"114" -0.00300683017215853 -0.0135800982872577 0.00878923881868738 -0.0020048384669143
"115" -0.00293472331657857 0.00573847084198032 -0.0110467332351303 0.00738976266055194
"116" -0.0175589397225643 -0.0172321356479104 -0.0172935229023792 -0.0114847754882582
"117" 0.0154775119559421 -0.00220195993807916 0.0041226977478992 0.00724879650422623
"118" 0.00437580582706316 0.00200282371210533 -0.0100188854553683 -0.00510617500909579
"119" 0.0044873134806889 0.000299803276589191 0.0115702150699991 0.00461962421421466
"120" -0.00119785739204614 -0.0151212280511516 0.000593137906947386 -0.00850407359761265
"121" 0.0076631389037683 0.00529335593182554 0.00528152178340683 -0.00695601795280219
"122" -0.00525292727715792 -0.00226041677102266 -0.00707648404984813 0.00200957786331995
"123" -0.00191176025592612 -0.00996477836346589 -0.0101078483583697 0.000734957603984126
"124" -0.00791197051336806 0.0030158551869088 -0.0133117360335972 -0.0164409353359106
"125" -0.0207580485358416 0.00321602043055101 -0.0102111155069106 -0.00926863348692443
"126" -0.0171635084535189 -0.000277260537674052 -0.00956878146272228 -0.00652009002095749
"127" 0.00388677595963867 -0.00847302976254864 -0.014111711075361 -0.000647426924759793
"128" -0.015260122345482 -0.0188570380382395 -0.0195840821531654 -0.0182884222574105
"129" 0.00756488285112818 0.00750044748878504 0.00707542954061252 0.00250270778969132
"130" 0.00531870509801261 -0.00364871251989495 0.00186286348622322 0.00601727359671593
"131" -0.0039807103319332 -0.00860533974221075 0.0011020104137597 -0.00726825704559697
"132" -0.00521151591955413 0.00733588706522737 -0.00625055243047581 0.00117446536393752
"133" 0.00630466832282871 0.00995617582638081 -0.0121262321654825 0.004043767170905
"134" 0.00479344799857236 -0.00575685469964445 0.00227127566235738 0.00415148292023827
"135" 0.00131905878103867 -0.0116402252855783 0.00357768110193375 0.0206884081936156
"136" 0.00257236949619769 -0.00228152078205959 0.0252511847305847 0.0170114714407962
"137" -0.0165637637725024 -0.0132223510462361 -0.0353431798666168 -0.0127454306903345
"138" -0.0103565307410025 -0.0056193732670161 -0.0135302834206784 -0.00458943670546819
"139" -0.0257313316803047 -0.00609907054748859 0.00541845857133221 -0.0145516585733171
"140" 0.00815677889349611 0.00464850663954527 -0.00132480667639008 -0.000112774703421056
"141" -0.00385764697835616 0.00269915023218175 0.00146773476106171 -0.00482594797756808
"142" 0.00341979977563246 0.00583401173772308 0.00756967787982961 -0.000336098129156074
"143" 0.00277831461654402 0.00587024351539743 0.00550866296273589 0.0055897010764213
"144" 0.00480724594229956 0.00749324368362003 0.0105956239607131 -0.00213603347387338
"145" -0.00307291667594784 -0.0042966200427352 -0.01541646338004 -0.0033331209747209
"146" 0.0142482886619229 0.0125401126585223 0.0069156573218978 0.0194704194167536
"147" -0.00443247071420562 -0.00351546245759191 0.00137667479750996 -0.0155585447470564
"148" -0.00317212660707073 0.00444377319041899 -0.0049454543719439 0.00480285849040882
"149" -0.00660319033753584 -0.000855769383754379 0.00613598167496578 -0.00382465100044733
"150" -0.00125709936636739 -0.00121378380331017 -0.00128833212915936 0.00864344711258968
"151" -0.010778091989104 -0.0152986639086824 -0.0168509134445686 -0.0113976748997972
"152" 0.00546985281582816 0.00404432803096222 -0.0050499750361801 -0.0205073037012809
"153" -0.0272294485242062 -0.00762068342733888 -0.0161369634036892 -0.0324847966403992
"154" 0.00616786719910788 0.00588176845543496 0.00519300204697447 0.000299583161344132
"155" 0.00632720315076645 -0.000404624726480697 0.00238123949860463 -0.0119522660620343
"156" 0.00105558182337595 -0.00650951443492834 0.00036748800738754 0.000242035441172331
"157" -0.00487609399055805 -0.00824929144967548 -0.00816097106154457 -0.006580953776863
"158" -0.00109759170424727 0.00499066263636445 0.001471549823941 0.00125237176874925
"159" -0.00542863610636573 -0.00288780534510072 0.00633054328903894 -0.00408733289034952
"160" 0.00372289237941121 0.0103682135833632 0.0073408397259611 0.00461903303439413
"161" 0.0070984675626191 0.00475316558591525 0.00779201181536938 0.0140115633784074
"162" 0.0007406489289334 0.000157557225568292 0.00029778790070962 -0.00791460702922386
"163" -0.0112719469767588 -0.00404772980559531 0.00258981342325134 0.00896685990046165
"164" 0.00574877234929638 0.00325781870862282 0.01053967757752 0.0125570735747963
"165" 0.00276484969421597 0.00486721357099622 0.00709558477658287 0.00313113254931088
"166" -0.0163919227805777 -0.0100985520511869 -0.00597174247225982 -0.00463847091135598
"167" 0.00265927035159843 -0.00270079970112206 0.00733911372790591 -0.00329688283847582
"168" -0.00974409476104697 -0.0309858042677866 -0.0130565875269176 -0.00466280774463632
"169" 0.0201157731365946 0.00387423973265878 -0.00376399146839902 0.0071143915740958
"170" -0.0182578044867001 -0.0348830077313562 -0.0184948602735895 -0.0255510169427924
"171" 0.00976848479675466 0.00868772230025865 -0.00328435827290945 -0.00902720488076646
"172" 0.0150772235880553 0.017603617129237 0.0199748732221082 0.0162726899137036
"173" -0.00510233644282023 0.00323665543215505 -0.00202574413867034 -0.0168689781788305
"174" 0.0166092999325076 0.0242571145784746 0.0114641302017711 0.0227116638560303
"175" -0.00559786630735662 -0.00109901231477359 -0.00503849667881137 -0.0124887361868516
"176" 0.0202494765244177 0.0230121525855087 0.0353275634180161 0.036888669780337
"177" 0.0382709096932476 0.00483559841246938 0.00362121315335965 0.00865281259379091
"178" -0.00147515114231895 0.0160748790572068 -0.00875906334552715 -0.0167832376038197
"179" 0.014268762926454 0.00753419660748547 0.0173101428645916 -0.00286203764933243
"180" -0.0105442879033896 0.00140039411665912 0.0107050734317558 -0.0137325936752962
"181" -0.00993111191295851 0.0116091621045731 0.0119916419277014 0.00723103916824905
"182" -0.0159752263764598 -0.0159921375079462 0.00013103804206775 -0.00814150202244331
"183" 0.00274547395670503 0.00680853609656355 0.0075082826534543 0.017272669950701
"184" -0.01240888962202 0.00484994921168731 0.0125903707908174 0.0321209353491975
"185" 0.00166741946975681 -0.0125313494733969 -0.00857477192268415 -0.00492982806005735
"186" -0.0192417739666736 -0.0125206227261463 -0.0207617159577971 -0.0288513251920817
"187" -0.00983292967764585 0.00231580566833474 -0.0164740068475982 0.00683065294410731
"188" 0.011178316936898 -0.0109722756302498 0.0136466863231907 0.0190640216633025
"189" -0.00989988864268151 -0.0220008780832944 -0.0115397654463427 -0.0271754989787891
"190" -0.00817008648634861 -0.0206803783097145 -0.00543110820167025 -0.0135472636559823
"191" -0.0101766998216545 -0.0188207830647166 0.00780820806485604 -0.00200907984715449
"192" 0.0126691177404174 0.0126305026980392 0.0106655126744872 0.0105536418610067
"193" 0.00400922517549153 -0.00392638149139126 -0.00384259474103901 0.018137638434091
"194" -0.00384496481474019 0.00843525224023811 0.0090653031689776 0.00649302920062833
"195" 6.28526679847117e-05 0.00460358390428081 -0.0137434207207222 -0.00248318859017453
"196" -0.00320512656200788 0.00151168260415646 -0.00817807073358356 0.007326888275686
"197" -0.00116396600963163 0.00508841847052035 0.0299742059773415 0.00580294140306519
"198" 0.0134595493825991 -0.00249510068607316 0.00690037800038325 0.0140123179629371
"199" -0.0218745404153582 0.00149323404995849 0.0144141261196524 -0.0116787144618929
"200" -0.000127572177363284 0.00297588244747259 0.00821253428917859 0.0029036006387335
"201" 0.012060609275139 -0.00375580279675776 0.00490201658882001 0.010746142379447
"202" 0.0191454903074663 0.0126183652043911 -0.00766689302875352 0.00504685657479946
"203" 0.0305194964379576 0.0126081633137628 0.0135693857505433 0.00824294463156157
"204" -0.00988403794150578 -0.0248928971354397 -0.051567254498925 -0.0350014567323916
"205" -0.00704784873326755 0.00261394070822728 -0.00701992758774687 -0.00778773272795848
"206" 0.000248306458429398 0.000799174397783304 0.00409702637808631 0.00774570002607422
"207" 0.00468450402192984 0.0107799152374192 -0.00819839346177837 -0.00119126132920137
"208" -0.00588490919583454 -0.00259439140903635 -0.00324083549814074 0.00985497966971341
"209" -0.00444944885101076 -0.00240382888520055 -0.00204126642117702 -0.0105135744701062
"210" -0.000622234830854781 0.00580841085347735 0.00133796618527777 -0.000936361093496124
"211" 0.00227070576675879 -0.00696919419054652 -0.00779287287907799 -0.0025989352978631
"212" -0.0214459637615975 -0.0187597483264272 -0.0125838302894506 -0.00561673101666439
"213" -0.00512806579457238 0.00348612936304458 0.00206724181721481 -0.00576408889065259
"214" 0.00665872228501631 0.0100846970431453 0.0147244055475654 0.00245553147535902
"215" 0.0213406984489989 0.0332560992814527 0.0257734341602676 0.00566020187373129
"216" 0.0126297415613152 0.00283860860433493 0.00195018933986144 0.0117152316738591
"217" 0.00290928919411114 0.00983746491107029 0.0106368790057275 -0.000530387123304115
"218" -0.0171895903093824 -0.0169770084863658 -0.0271474527639303 -0.014957396946905
"219" -0.0135504602837795 -0.00968753436567257 -0.00774570966847668 0.00136237134500927
"220" 0.00328962576531065 -0.00115321984381727 0.0116784571484109 0.0063290341944682
"221" -0.0149359789964973 0.00304110955651466 0.00643003114259213 0.000717150141648817
"222" 0.00850557560557997 0.00450507807985277 0.012824625728325 0.00434698612220584
"223" 0.00457709720552531 0.00602221508850771 0.00257081695436648 0.00551736785659938
"224" 0.00228224740450964 -0.00611669054735738 0.0117747215840154 0.00284795828067158
"225" -0.00170086533411526 -0.027402127574442 -0.00272741428108147 -0.0126470821899253
"226" -0.010528508957791 -0.0103007539243465 -0.0114287683899453 0.00107241757954212
"227" -0.0101166136718968 -0.0221991744319276 -0.012932226864429 -0.0157327043848522
"228" -0.0113679473134524 -0.00708373844507196 -0.00940611773462896 0.00255852712567799
"229" -0.000891752359484503 0.000975697371885536 -0.00159513936334011 -0.00409514290653557
"230" -0.0142611325062518 -0.016841796755947 -0.00770019228299199 -0.00605487499368754
"231" -0.00191809446935111 0.00386511800601917 0.00671320792465237 0.00451494029622284
"232" 0.000115222387864353 -0.00323201663997219 -0.00281372945648233 0.00242385346623858
"233" 0.0141426177118888 0.0140703784456382 0.0125687759195513 0.0100965456377475
"234" 0.00937588178415782 0.00935365360840707 -0.00353139286943785 -0.00202621203032457
"235" -0.00556189179590926 -0.0099256340505286 0.00194476739650262 -0.00905464213808926
"236" 0.0143790212151633 0.0190323106447244 0.00433445673356864 0.0131943613478264
"237" -0.00949046937568451 -0.0218259942903495 -0.00753689104252325 -0.00900370663103157
"238" -0.0221552709497806 -0.00735074356472902 -0.0249625457748944 0.0008328437401237
"239" -0.00972819174430971 -0.036809355776959 -0.0130894105131284 -0.00889191755418118
"240" 0.0141756127405356 0.0172090194177803 0.00375369970960344 0.00957347114317973
"241" 0.000306655988565294 0.00868510357710849 -0.00650772801375149 0.0077349931705584
"242" -0.012634258664894 -0.0207735569876755 -0.0279774897685928 -0.0121078477896326
"243" -0.00295275213710383 0.000433537774077659 -0.00842315946334378 0.00087630539376974
"244" 0.00181322640437841 -0.0111821949348827 -0.00139123524582998 -0.00566355938701432
"245" 0.0150490182205454 0.0163831687718938 0.0247619122308979 0.0352854711316241
"246" 0.024065637125178 0.00636127807810871 -0.00344833621608576 0.00838737271602088
"247" 0.00914206163814843 0.00568557042270138 0.00259302765493824 0.00512738979369499
"248" -0.00831211366986698 0.00922100941131077 0.0014048590938924 -0.0167473929049952
"249" -0.00309270185493602 -0.00211489998346198 0.0111949686359513 0.00618479338094212
"250" 0.0137561361164935 -0.0115192082724314 -0.00286080807395721 -0.00448505495705421
"251" 0.00933152150336421 0.0179035687480361 0.0106508571443128 0.00109452355804237
"252" -0.00915169684882113 0.00956676866248478 0.0215314747694596 0.0119780829188952
"253" -0.000751688358112603 0.000309398906207891 -0.00262130838196659 -0.00212360168117229
"254" -0.0115556920023916 -0.00707968375823374 -0.00146958178034163 -0.0203567901160395
"255" 0.013495180988177 0.0339149483019892 0.00701355937202949 -0.00357896435627909
"256" -0.0574509543505091 0.000195155318865617 -0.0180755715177685 -0.00475039218611385
"257" 0.0217785343467483 0.0111305629496691 0.00289334465421947 -0.00167822351157826
"258" -0.0513766956015577 -0.027850895893156 -0.0151631465461778 -0.0352070849865794
"259" 0.0404243809335846 0.0117026398342867 0.0219745572284779 0.0256655353538463
"260" -0.0211087282315074 -0.0115670935161939 0.00836211687282287 -0.0190851926418567
"261" 0.0073824785290004 0.0129452962260437 0.00381159815457239 0.021814305740314
"262" -0.0331707144701519 -0.00867659489958282 -0.0104007989290477 -0.01772056166972
"263" 0.0208843414027864 0.0329558417469165 0.0292216852453734 -0.0077856317804885
"264" -0.0215770631291606 -0.0171092799871978 -0.0225745131118343 -0.0341971592053503
"265" 0.00636261894363106 0.00664898054220372 -0.00678147641559769 -0.00701991178075635
"266" -0.0204722936960496 0.00566164561571268 -0.0170570017540857 -0.031819665009884
"267" 0.00701194475454556 0.0168766129657597 0.0271264635460223 0.00902742938258517
"268" -0.0190604113888761 -0.0321908412310973 -0.0393394918536815 -0.0211255134226679
"269" 0.0143071610902743 0.00934946112243029 0.0210822684437931 0.0219739985199959
"270" 0.0180932216112837 0.0118729603292495 0.0189331678085635 0.012064009138781
"271" 0.00908050372819859 -0.0162300019197893 -0.0158609012110445 -0.000281807559400216
"272" -0.00662607979731834 -0.0109956224128449 0.0236744552902237 -0.0326988532625203
"273" -0.0100371290419674 0.0177609417237655 0.00881426224756833 0.00107542597340726
"274" 0.0219067130196518 0.00993567302179784 0.0187037546860035 0.0375347003202268
"275" -0.0148681072215185 -0.00211648545828344 0.00133156183315322 -0.0280331190145226
"276" 0.00318550425270596 -0.0047087692662086 -0.00698460027679386 -0.00883218812778366
"277" -0.00564008453970137 -0.0160713663895197 -0.00192302720071789 -0.00389002484363608
"278" -0.0135310948377506 -0.00063772948198169 0.000662908026646082 0.00519629135220554
"279" 0.00820007801166772 -0.00804758837849208 0.000376559676773995 -0.000944261256409681
"280" -0.0126307456686567 -0.00590127096268689 -0.0102729837031963 -0.00608597579878982
"281" -0.00807891516897724 -0.00558721485324019 -0.000403955743550025 -0.00378705640938314
"282" 0.00533712780557803 0.00255148966109657 0.0139846826891717 0.0189204277683084
"283" 0.0147605367362603 0.00580354663979771 0.00677030328900998 0.00872920745887805
"284" -0.0292238567734493 -0.0164263800021982 -0.00741088185041069 -0.00928692684379584
"285" -0.0104116409515026 -0.00939084631821594 -0.0127714428055299 -0.00331737699649437
"286" -0.0150790708729372 0.00684804324097995 0.0156094696187408 0.00143116993277335
"287" -0.00724458148154138 -0.00338404044204531 -0.00654848429982255 0.000121099685637524
"288" 0.0125324996620536 0.000109152596123973 0.00501020744346114 -0.00151885950051737
"289" 0.0103601056120094 0.00173801045828511 -0.000364784472556506 -0.00757304898246386
"290" -0.0127760972837209 -0.00103222128158948 -0.0118095704812856 -0.010698495923715
"291" -0.00415664841498492 0.00712902863978927 0.00669700152502287 0.00311162784842725
"292" 0.0100235502331451 0.00809070432048795 0.0102408362422269 0.0138555587629762
"293" 0.0112624936584585 0.00816062457673886 0.00352464065989634 0.0103099891956408
"294" 0.0111541973621586 0.0213396236431 0.0119165032333486 0.018860672617336
"295" -0.0112519769985387 -0.00571833106670335 -0.00650504613836638 -0.00976790638995839
"296" -0.0133154302122428 -0.0030342085723885 -0.0207631455597934 -0.0113135174920431
"297" -0.00254277576898195 -0.00173301740427096 -0.00956288468409459 -0.00757651143187104
"298" 0.00517677112076786 0.00506983627567833 0.00375678345998785 0.000503370014782351
"299" 0.00870717882843122 -0.00185635328353351 -0.00721405975326044 -0.00103479909328171
"300" -0.00309847386463073 0.00708267457978393 -0.00396995382730884 0.00232519725563537
"301" 0.00330068083413801 0.00181175748382115 -0.0192185204701149 0.00272043134985792
"302" 0.0112958643097536 0.0131317054557352 0.014322551226701 0.0112265345756454
"303" -0.00539337327277475 0.00425448377530931 -0.00186970959889079 -0.0014020675259198
"304" 0.000110859181122565 -0.00628174260482447 -0.00377121099194044 2.18698755251708e-05
"305" -0.00961191601159134 -0.0100126348273675 -0.00186208974091958 -0.00536598441046617
"306" 0.00465555564630781 -0.00706789701203592 -0.00527924267441126 -0.00400800576162456
"307" 0.00454030925893009 -0.000406794355705543 -0.000796267337860062 -0.010787097071655
"308" 0.00766494749167651 0.0129662632864351 0.00238101289425209 0.0219844636086869
"309" 0.00915617163156211 0.0162573523212293 0.0247018139238761 0.0192228250819602
"310" -0.010710206630045 0.00134020069626114 0.021327352737875 0.0031161721289698
"311" 0.0100300221914588 0.00172364470984728 0.00617685181394289 0.00251704442695652
"312" 0.0137801286784941 -0.008762169842948 0.0027525277152518 -0.00589341934095525
"313" -0.00165360328452824 0.00716147036957846 -0.0249849877727622 0.00276150714874284
"314" 0.0107675494570903 -0.00645137151455688 0.00915259627013321 -0.00367177226381849
"315" 0.00218882207160489 -0.00477521476113987 -0.00551287827981881 0.00181981640736782
"316" 0.00957223271849566 0.00942447392797215 0.0196051889322698 0.019728564870899
"317" 0.00114875748333343 0.000217268389844787 0.0032860389834009 -0.0153970171285086
"318" -0.0116034115436609 -0.0056207755256577 -0.00649515427657558 -0.00506822252694724
"319" -0.00489630854101239 -0.00578069519730495 -1.17507124327371e-05 -0.0145716912982901
"320" 0.00557847303485045 -0.000553490284311417 0.004006105609299 0.00571423144746796
"321" 0.0070953944385541 0.0190005395642856 0.00879771267567757 0.0186644972393895
"322" 0.00423820711483917 0.00379614557840742 0.00394298046851227 0.00448252055429547
"323" 0.00599959668774303 -0.00357276202326584 -0.00289585437689349 -0.00131193099681957
"324" 0.00424605762608337 0.0041800407792828 0.00970640821844683 0.00166033865918834
"325" 0.00241451310663046 -0.0102466661282228 -0.00580907457319592 -0.00781993948435757
"326" -0.00165367359486612 0.00370025398993907 0.00183741637740008 -0.00278122604009716
"327" 0.00492222035770214 0.00470214356158676 0.00229243075324212 0.000633676374231718
"328" -0.0163227278574438 -0.00209248097115561 -0.00525835626873314 -0.0110029754312271
"329" 0.0252237395215852 0.0145513127213012 0.0187709528351582 0.0205962904755152
"330" 0.00801323058447436 0.00327507568056962 0.00926841716957938 -0.00217390670907381
"331" 4.76215845381302e-06 -0.0190797144046029 -0.0114440782000427 -0.0225945274129444
"332" 0.0118523736813146 0.00916543388842329 0.0205322950278691 0.0294362054239707
"333" -0.0233959710439844 -0.030358097086462 -0.0217965101638663 -0.0194140669096854
"334" 0.00559252279709415 0.00955391811080651 0.0142217707411 0.00268035821821821
"335" -0.0166186543773811 0.00575156401418824 -0.0137709619848318 0.0069808892644393
"336" -0.00740432745706362 -0.0140200790804769 0.00623711989913592 0.0024550090114878
"337" -0.0027613756850506 -0.00440260440841194 -0.00108439784140506 0.00826364512119603
"338" 4.78743518177445e-05 0.00174904813855116 -0.00126295940198425 0.00473121292857888
"339" -0.0087234966702415 -0.0042760121973074 -0.00752799173888148 -0.00506292620054333
"340" -0.0179062876476493 -0.00824684490687142 0.000468094693526773 -0.00327195882659533
"341" -0.00418677009720127 -0.00685178628677457 -0.0108867974919738 -0.00256755774575536
"342" -0.00638042509243475 -0.00103207137358647 -0.0157771921448453 -0.010393759461653
"343" 0.0347855896550127 0.0198218475421936 -0.000291642145028381 0.0165826042596183
"344" 0.0104961797700192 0.000619354417214011 0.00996207290000861 0.0155391770935519
"345" -0.034951943987973 0.000432463825326499 -0.0539633745272294 -0.0185432303827289
"346" 0.00552936882898886 0.0017635219491943 0.00514972509715016 -0.00428015352810895
"347" -0.0172335678358709 0.0138031745541234 -0.0162955136838363 -0.0106576049590612
"348" -0.00380827738337931 0.00933818490720097 0.00365290106831946 0.00646360791853289
"349" -0.000939164188187373 0.0166659274907785 0.0177397009316083 0.00376953331778017
"350" 0.00290809390480409 0.00220242268549615 0.00394948883534812 -0.0077051967174421
"351" 0.0323979263253418 0.00100981751660443 0.0149470657493635 0.0186649280080265
"352" -0.00115660361392466 0.0157869501864491 0.00862962129205675 -0.0065059603399384
"353" 0.0167974061177784 0.0144488724007798 0.00894332073988913 0.0160619680934718
"354" -0.00344181583944606 0.0203671335897598 0.00630958276389697 0.00953741353276966
"355" -0.0130668279240249 -0.0145828105484392 -0.0312034651275402 -0.0281149171599104
"356" 0.00859295631238166 -0.0061612325378932 -0.0191055123580504 -0.0145459600606594
"357" -0.0248657372649151 -0.0204097891902558 -0.0170360054641376 0.013343075830284
"358" 0.0208549221437206 0.0195736041066349 0.0220384984144697 0.0223908288367291
"359" -0.00558503730470769 -0.00192643603823644 -0.00329860430512683 -0.0129261601368047
"360" 0.0183358609235902 0.0163284808639224 0.0223845646411277 0.0171808510808462
"361" -0.00733004067471707 0.00964239088973317 0.000988567177813781 0.00282680200743194
"362" 0.0174630791083445 0.00345274673609695 0.00109768647502559 0.0133250692893716
"363" -0.0121799689772237 -0.0106601644524892 -0.00379219024912886 0.00597164969819594
"364" 0.0026217236990491 0.00848267552568358 0.00913273962924116 0.0088227907218334
"365" -0.00395867964661594 0.00883324847934641 -0.0042146714428121 -0.00573939744614363
"366" -0.00966892970945306 -0.0164814933528298 -0.00608637723908147 -0.00647086139308023
"367" -0.0053900946660741 0.00179569598824289 -0.00903851372927973 -0.0046295532874472
"368" 0.0118639580501679 0.0124425723100511 -0.00307341805710913 0.00680621375113216
"369" 0.0123310306813918 -0.0016218200871107 0.011366852702086 0.00182164337822727
"370" 0.0123719042323793 -0.00144841595231726 0.00447794935438796 0.00401786987021006
"371" -0.00273880048508148 -0.00411033734663058 0.00557805924024072 -0.0060451221787148
"372" -0.00205580797759416 0.00747553209956175 0.00892677354080314 -0.00932595678087952
"373" -0.0154175599173048 -0.023243852700848 -0.0148821142604838 0.00181325029779616
"374" 0.00407354916714029 0.0123771463485995 0.0109316473551937 -0.00964492478592376
"375" 0.0135817429620294 0.000301502455077469 -0.000253470885785034 -0.00298331341678715
"376" 0.00891663160540821 -0.00829759789640629 0.00207570231069679 -0.0100412691671797
"377" -0.0112112795559219 0.00901935504419563 -0.00943413109193957 -0.00143415521852225
"378" 0.00562325283052264 0.0050485298213957 0.0139246344968719 0.00974549356845301
"379" 0.00406372151394077 0.00463650278539493 0.00804712165741035 0.0151384857599641
"380" -0.00745332366717363 0.00583438415042339 0.00304532900286077 0.0033713119380692
"381" 0.0118019324909797 0.0134981673814137 0.00465773857279978 0.00236873110156292
"382" 0.00358221185265642 0.00627162921558682 -0.0125410058140302 -0.00235318296341908
"383" -0.00482438255267874 -0.0102870045273972 -0.000401890283628351 -0.0204175213516512
"384" -0.0222631500308871 -0.0235830396979773 -0.0265448427743182 -0.00574198299767915
"385" -0.0145831000373322 -0.00378363802157332 -0.000547238184542 -0.00763281258996756
"386" -0.0177140353439942 0.00190922200990094 -0.00338611117089575 -0.00574496242796711
"387" -0.0152215464659513 -0.00801485630617901 -0.0192125233562169 -0.00175628986622729
"388" -0.0244455811518802 -0.0151410139156505 -0.00362000649374997 -0.0101873422446778
"389" 0.00440771771610473 0.00937172915361613 -0.00668478287747749 0.00212381734237997
"390" 0.00979645710686376 0.0109683869677974 -0.00299117874325329 0.0122370894081853
"391" -0.00275296579793805 -0.00977106385020326 -0.00865509519207713 -0.00493179419182001
"392" -0.016129098407735 -0.0227553192100192 -0.0229391732852291 -0.0110867967479318
"393" -0.0147193802800143 -0.00999474514184396 -0.00818207272808842 -0.000116085081130268
"394" 0.0211242094520044 0.0107273871747667 0.000947230993363021 0.00690550371366627
"395" 0.0136512601767353 0.012179343115167 -0.00108045839763423 0.00389272195317702
"396" 0.0186398488779595 -0.00343146823298038 -0.0077594948731911 0.0139171146811972
"397" 0.00160242590091248 -0.0249227431553711 -0.00912745878890504 -0.00776657908273551
"398" -0.0270814956838827 -0.0235672848107086 -0.0270556799956133 -0.0159168955020628
"399" -0.0109722693773915 0.00372226312743094 0.00585707723024352 -0.00720738719209526
"400" -0.0154593864416479 -0.0188390957053974 0.00730044058270881 0.00917017776792664
